Marker ID: 366 | Detection Rate: 100.05
1 1 1 1
0 0 0 0
0 0 0 0
0 0 1 1
------------------------------------------------------------
Marker ID: 425 | Detection Rate: 100.0
0 0 0 1
0 0 0 1
0 0 0 0
0 0 1 0
------------------------------------------------------------
Marker ID: 336 | Detection Rate: 100.0
1 1 0 1
1 0 0 0
1 0 0 0
0 0 0 0
------------------------------------------------------------
Marker ID: 422 | Detection Rate: 100.0
0 0 0 1
0 0 0 0
0 0 0 1
0 1 1 1
------------------------------------------------------------
Marker ID: 434 | Detection Rate: 100.0
0 0 0 0
1 1 0 0
1 1 0 1
1 1 0 0
------------------------------------------------------------
Marker ID: 327 | Detection Rate: 100.0
1 1 0 0
0 0 0 0
0 0 0 1
1 0 0 1
------------------------------------------------------------
Marker ID: 404 | Detection Rate: 100.0
0 0 0 0
0 0 1 1
1 0 0 0
0 0 0 0
------------------------------------------------------------
Marker ID: 430 | Detection Rate: 100.0
0 0 0 1
0 0 0 1
0 0 0 1
0 1 0 1
------------------------------------------------------------
Marker ID: 486 | Detection Rate: 100.0
0 0 1 1
1 0 0 0
1 0 0 1
1 1 1 1
------------------------------------------------------------
Marker ID: 467 | Detection Rate: 100.0
0 0 1 0
1 0 0 0
1 0 0 1
0 0 0 0
------------------------------------------------------------
Marker ID: 371 | Detection Rate: 100.0
1 1 1 1
0 0 0 1
1 0 0 1
1 1 0 0
------------------------------------------------------------
Marker ID: 416 | Detection Rate: 100.0
0 0 0 1
1 0 0 0
1 0 1 0
1 0 1 1
------------------------------------------------------------
Marker ID: 460 | Detection Rate: 100.0
0 0 1 0
1 0 0 0
1 0 0 0
1 0 1 1
------------------------------------------------------------
Marker ID: 411 | Detection Rate: 99.95
0 0 0 0
1 0 0 1
1 0 0 1
0 0 1 1
------------------------------------------------------------
Marker ID: 398 | Detection Rate: 99.95
0 0 0 0
1 0 0 0
1 1 0 1
0 0 0 1
------------------------------------------------------------
Marker ID: 384 | Detection Rate: 99.95
1 1 1 1
1 1 0 0
0 0 0 0
0 0 0 1
------------------------------------------------------------
Marker ID: 495 | Detection Rate: 99.9
0 0 1 1
0 0 1 1
1 0 0 1
0 0 0 0
------------------------------------------------------------
Marker ID: 427 | Detection Rate: 99.9
0 0 0 1
0 0 0 1
1 1 0 0
1 1 1 1
------------------------------------------------------------
Marker ID: 376 | Detection Rate: 99.9
1 1 1 0
0 1 1 0
0 0 0 0
1 1 1 1
------------------------------------------------------------
Marker ID: 387 | Detection Rate: 99.9
1 1 1 1
1 1 0 0
1 0 0 1
0 0 1 1
------------------------------------------------------------
Marker ID: 431 | Detection Rate: 99.85
0 0 0 1
0 0 1 1
1 0 1 1
1 0 1 1
------------------------------------------------------------
Marker ID: 485 | Detection Rate: 99.85
0 0 1 1
0 0 1 0
0 0 0 0
0 0 0 1
------------------------------------------------------------
Marker ID: 462 | Detection Rate: 99.85
0 0 1 0
0 0 1 0
0 0 0 0
1 1 1 0
------------------------------------------------------------
Marker ID: 405 | Detection Rate: 99.8
0 0 0 0
1 0 1 1
1 0 0 0
0 0 1 1
------------------------------------------------------------
Marker ID: 375 | Detection Rate: 99.75
1 1 1 0
1 1 1 0
1 1 0 0
1 0 0 1
------------------------------------------------------------
Marker ID: 379 | Detection Rate: 99.59
1 1 1 0
1 1 1 1
1 1 1 0
1 0 0 0
------------------------------------------------------------
Marker ID: 396 | Detection Rate: 99.54
0 0 0 0
0 0 0 0
0 1 1 1
0 1 0 0
------------------------------------------------------------
Marker ID: 470 | Detection Rate: 99.44
0 0 1 0
0 0 1 0
0 0 1 1
0 0 1 1
------------------------------------------------------------
Marker ID: 265 | Detection Rate: 99.44
1 0 0 0
0 0 0 1
1 1 1 1
1 1 0 0
------------------------------------------------------------
Marker ID: 347 | Detection Rate: 99.39
1 1 0 0
1 1 1 1
1 1 0 0
1 1 1 1
------------------------------------------------------------
Marker ID: 465 | Detection Rate: 99.19
0 0 1 0
1 0 1 0
1 0 1 0
0 0 1 1
------------------------------------------------------------
Marker ID: 414 | Detection Rate: 99.09
0 0 0 0
0 0 1 1
1 1 1 1
0 0 0 1
------------------------------------------------------------
Marker ID: 461 | Detection Rate: 98.79
0 0 1 0
0 0 0 0
1 0 1 0
1 1 1 1
------------------------------------------------------------
Marker ID: 372 | Detection Rate: 98.68
1 1 1 1
1 0 0 1
1 1 1 1
0 1 0 1
------------------------------------------------------------
Marker ID: 373 | Detection Rate: 98.62
1 1 1 1
0 0 0 1
0 0 1 1
1 0 1 1
------------------------------------------------------------
Marker ID: 269 | Detection Rate: 98.53
1 0 0 1
1 0 0 1
1 1 1 1
1 0 0 1
------------------------------------------------------------
Marker ID: 382 | Detection Rate: 98.48
1 1 1 0
1 1 1 1
1 1 0 1
0 0 0 1
------------------------------------------------------------
Marker ID: 448 | Detection Rate: 98.47
0 0 0 1
0 1 0 0
0 1 1 0
0 0 0 0
------------------------------------------------------------
Marker ID: 251 | Detection Rate: 98.28
0 1 1 1
1 1 1 0
1 1 1 0
0 0 1 0
------------------------------------------------------------
Marker ID: 429 | Detection Rate: 98.1
0 0 0 1
0 0 1 1
0 0 1 0
1 1 1 0
------------------------------------------------------------
Marker ID: 447 | Detection Rate: 97.96
0 0 0 0
1 1 1 1
0 1 1 1
0 1 1 0
------------------------------------------------------------
Marker ID: 337 | Detection Rate: 97.87
1 1 0 1
1 0 0 0
1 1 1 0
1 1 1 1
------------------------------------------------------------
Marker ID: 389 | Detection Rate: 97.86
1 1 1 1
1 1 0 1
1 0 0 1
1 0 0 0
------------------------------------------------------------
Marker ID: 433 | Detection Rate: 97.78
0 0 0 0
1 1 0 0
1 1 0 0
1 0 0 1
------------------------------------------------------------
Marker ID: 441 | Detection Rate: 97.63
0 0 0 0
1 1 1 1
1 1 1 0
0 0 0 0
------------------------------------------------------------
Marker ID: 333 | Detection Rate: 97.57
1 1 0 0
0 0 0 1
0 1 0 1
0 1 1 1
------------------------------------------------------------
Marker ID: 415 | Detection Rate: 97.26
0 0 0 1
0 0 0 0
1 1 0 0
0 1 0 0
------------------------------------------------------------
Marker ID: 356 | Detection Rate: 97.01
1 1 0 1
0 1 0 1
0 1 0 1
1 1 0 1
------------------------------------------------------------
Marker ID: 328 | Detection Rate: 96.91
1 1 0 0
0 0 0 0
1 1 1 1
1 1 0 1
------------------------------------------------------------
Marker ID: 437 | Detection Rate: 96.45
0 0 0 0
0 1 1 0
0 1 1 1
0 0 1 0
------------------------------------------------------------
Marker ID: 262 | Detection Rate: 96.2
1 0 0 0
0 0 0 0
1 1 1 1
0 0 1 1
------------------------------------------------------------
Marker ID: 378 | Detection Rate: 95.53
1 1 1 0
0 1 1 1
0 1 1 0
0 0 0 0
------------------------------------------------------------
Marker ID: 364 | Detection Rate: 95.22
1 1 1 0
0 0 1 1
0 0 1 0
0 0 1 0
------------------------------------------------------------
Marker ID: 250 | Detection Rate: 94.74
0 1 1 1
1 1 1 0
1 0 0 0
0 0 0 0
------------------------------------------------------------
Marker ID: 393 | Detection Rate: 94.48
0 0 0 0
0 0 1 0
1 1 1 0
0 0 1 0
------------------------------------------------------------
Marker ID: 374 | Detection Rate: 94.3
1 1 1 0
1 1 0 0
1 0 0 0
1 1 0 1
------------------------------------------------------------
Marker ID: 275 | Detection Rate: 94.07
1 0 0 0
1 1 1 0
0 1 1 0
0 1 0 0
------------------------------------------------------------
Marker ID: 408 | Detection Rate: 93.94
0 0 0 0
1 0 1 1
1 1 1 0
1 1 1 1
------------------------------------------------------------
Marker ID: 412 | Detection Rate: 93.6
0 0 0 0
1 0 1 1
1 1 1 1
1 0 0 0
------------------------------------------------------------
Marker ID: 432 | Detection Rate: 93.5
0 0 0 0
1 1 0 0
0 0 1 0
0 0 0 0
------------------------------------------------------------
Marker ID: 394 | Detection Rate: 93.43
0 0 0 0
0 0 1 0
1 0 1 0
1 1 1 0
------------------------------------------------------------
Marker ID: 326 | Detection Rate: 92.56
1 1 0 0
0 0 0 0
1 1 1 0
1 0 1 0
------------------------------------------------------------
Marker ID: 370 | Detection Rate: 91.74
1 1 1 1
0 0 1 1
1 1 1 0
1 0 1 0
------------------------------------------------------------
Marker ID: 319 | Detection Rate: 91.4
1 0 1 1
1 1 1 0
1 1 1 0
1 1 1 0
------------------------------------------------------------
Marker ID: 358 | Detection Rate: 90.66
1 1 0 1
1 1 1 1
0 0 0 1
1 1 0 1
------------------------------------------------------------
Marker ID: 322 | Detection Rate: 90.34
1 0 1 1
1 1 1 0
1 1 1 1
1 0 0 0
------------------------------------------------------------
Marker ID: 458 | Detection Rate: 88.64
0 0 0 1
1 1 0 1
1 1 1 1
1 1 1 0
------------------------------------------------------------
Marker ID: 466 | Detection Rate: 88.63
0 0 1 0
1 0 1 0
1 1 1 0
1 1 1 1
------------------------------------------------------------
Marker ID: 386 | Detection Rate: 88.26
1 1 1 1
0 1 0 0
0 1 1 1
1 1 0 0
------------------------------------------------------------
Marker ID: 459 | Detection Rate: 83.85
0 0 0 1
1 1 1 1
1 0 0 1
1 1 1 1
------------------------------------------------------------
Marker ID: 289 | Detection Rate: 83.43
1 0 0 1
1 1 1 1
0 1 1 0
0 0 1 0
------------------------------------------------------------
Marker ID: 377 | Detection Rate: 76.4
1 1 1 0
0 1 0 0
1 1 1 1
0 1 1 1
------------------------------------------------------------
